(UNIT=SI)
"東古瀬子ども園地質調査"
"1"
"建2019 道24L1 道24L2 "

"補正係数"
1,1.2,1.1,1,1.2,1.1,0.2,0,1
0,0
"道路橋係数(H08)"
0,2,1,0.24,0.4,0.6
"道路橋係数(H24)"
0,2,0,0.18,0.48,0.6
"高圧ガス係数"
0,0,0,0,0.21
0,0,0,0,0.42
"上載盛土"
0,18,1
"低減係数"
0.015
"埋立地の液状化対策"
0,200,0,0,1
"Ｍ，αmax，αB, αmaxKa, αB(港湾)"
7.5,350,170,0,170,1
"標高、地下水位"
0.09,2.76
"基盤深度"
0
"地層数、貫入試験数"
6,11
"地層データ"
0.50,19,20,0,40320,"盛土（シルト質砂）",0
1.50,20,21,0,40104,"盛土（シルト混り砂礫）",0
2.90,16,17,0,330,"粘土質砂",0
7.80,20,21,0,230,"粘土質砂礫",0
8.60,18,19,0,322,"礫混りシルト質砂",0
10.50,18,19,0,320,"シルト質砂",0
"Ｎ値データ2"
0.15,12,30
0.07,1,0,0,-1
0,0,0.1,0,0,-1,-1,-1
1.15,21,30
2,1,0,0,-1
0,0,0.1,0,1,-1,-1,-1
2.15,23,30
0.07,1,0,0,-1
0,0,0.1,0,0,-1,-1,-1
3.15,44,30
2,1,0,0,-1
0,0,0.1,0,1,-1,-1,-1
4.15,43,30
2,1,0,0,-1
0,0,0.1,0,1,-1,-1,-1
5.15,47,30
2,1,0,0,-1
0,0,0.1,0,1,-1,-1,-1
6.15,50,30
2,1,0,0,-1
0,0,0.1,0,1,-1,-1,-1
7.15,51,30
2,1,0,0,-1
0,0,0.1,0,1,-1,-1,-1
8.15,55,30
0.07,1,0,0,-1
0,0,0.1,0,0,-1,-1,-1
9.15,32,30
0.07,1,0,0,-1
0,0,0.1,0,0,-1,-1,-1
10.15,31,30
0.07,1,0,0,-1
0,0,0.1,0,0,-1,-1,-1
"FC設定"
1
